ghibli_palettes<-list(
CastleintheSky=c("#5f8bcc","#3069c2","#2f4337","#4e693c","#77a66f","#8f3535","#a7784e","#985d32","#e2d234","#d9db6e"),

KikiDeliveryService=c("#3f97a3","#2188a7","#1d3e6b","#19479d","#8e9753","#d4d770","#3f406e","#cab9b2","#2b0908","#c53840"),

TheWindRises=c("#f0c4a7","#f1c8aa","#cfacb3","#f8e5ad","#16a13a","#ece3d4","#1baa41","#007db3","#008fbb","#0096c3"),

Totoro=c("#876c57","#473535","#ece3d4","#82c1ed","#f38524","#fcf95e","#fefc8d","#5096eb","#fefec2","#567442"),

PrincessMononoke=c("#171916","#473535","#a79297","#6a5157","#8898b1","#efefef","#4c5119","#eebca1","#e07d6a","#bc3d36"),

Nausicaa=c("#002627","#556a59","#6e6046","#deacab","#f5f1e6","#ffea81","#fbe5b3","#dce4cf","#36b3df","#0598ce"),

Ponyo=c("#dcedff","#25387c","#37458e","#304795","#5284c3","#62a0dd","#80b5df","#651025","#994264","#b03d36"))
